$ANSIBLE_VAULT;1.1;AES256
31363735613534356263613365396136633463653330303235323737363662353434633637656630
3666393161356533336331616335363963303365376632390a653438323336653235393166633363
62363661356261633832323337353439633761636561623332633537623463656136623165376438
6466393131393932300a643332376264363937623964663865663638386261626137393566653139
35303031633562333336656133363365306663383262373965383736636362653662303164373335
64643136343639303135663436396530353061353766303237303062376238646161666133343064
32663162313136383333666237656564636532323532343464613261346238623332643439626539
37326462306637306266336166306665646136633866353263386230656233333261656232313037
33396133616335373965366437396231386564333363383733383764633630376162373464636461
62616433363461336339363964343539656438333035643732333033323339383834316561626239
66656230363162616634633063643339376162346361626136353066653463306162396631363864
38663034636337323637663133333964333135633236616230336631613335356437636130653434
34653762613830303539626131396538383864613963623130346231656562333465366537633334
65303363653164353161363661326366666338653235393465616639373932626433646233356538
66353963363435303132636362646562303133663762333230636665363762613339306663366361
32646438376131346237
